Solution to differential equation with specific algorithm:
1000
              0               0
   0.0090310164    0.0089413199
    0.017962232     0.017783831
     0.02679464     0.026528515
    0.035529222     0.035176344
     0.04416695     0.043728282
    0.052708787     0.052185281
    0.061155687     0.060548286
    0.069508592      0.06881823
    0.077768438     0.076996039
    0.085936149     0.085082628
    0.094012641     0.093078904
     0.10199882      0.10098577
     0.10989559       0.1088041
     0.11770383      0.11653479
     0.12542442       0.1241787
     0.13305824       0.1317367
     0.14060615      0.13920965
       0.148069      0.14659838
     0.15544764      0.15390373
      0.1627429      0.16112654
     0.16995562      0.16826762
     0.17708661      0.17532778
     0.18413669      0.18230784
     0.19110666      0.18920858
     0.19799731       0.1960308
     0.20480944      0.20277527
     0.21154383      0.20944277
     0.21820125      0.21603406
     0.22478246      0.22254991
     0.23128822      0.22899105
     0.23771928      0.23535824
     0.24407639      0.24165221
     0.25036027      0.24787368
     0.25657166      0.25402338
     0.26271128      0.26010203
     0.26877985      0.26611031
     0.27477805      0.27204895
     0.28070661      0.27791862
      0.2865662      0.28372002
     0.29235752      0.28945381
     0.29808124      0.29512069
     0.30373804       0.3007213
     0.30932858      0.30625631
     0.31485351      0.31172638
      0.3203135      0.31713213
     0.32570918      0.32247423
      0.3310412      0.32775329
     0.33631019      0.33296995
     0.34151678      0.33812482
     0.34666158      0.34321852
     0.35174521      0.34825166
     0.35676827      0.35322484
     0.36173138      0.35813865
     0.36663512      0.36299369
     0.37148009      0.36779054
     0.37626687      0.37252977
     0.38099604      0.37721197
     0.38566817       0.3818377
     0.39028382      0.38640751
     0.39484357      0.39092197
     0.39934796      0.39538162
     0.40379755      0.39978702
     0.40819288      0.40413869
     0.41253449      0.40843718
     0.41682291      0.41268301
     0.42105867       0.4168767
      0.4252423      0.42101878
     0.42937432      0.42510975
     0.43345523      0.42915013
     0.43748554      0.43314042
     0.44146577      0.43708111
      0.4453964       0.4409727
     0.44927792      0.44481568
     0.45311084      0.44861052
     0.45689563      0.45235772
     0.46063276      0.45605774
     0.46432272      0.45971105
     0.46796597      0.46331811
     0.47156297      0.46687939
     0.47511419      0.47039534
     0.47862008      0.47386641
     0.48208109      0.47729304
     0.48549767      0.48067569
     0.48887026      0.48401478
     0.49219929      0.48731074
      0.4954852      0.49056402
     0.49872842      0.49377503
     0.50192937      0.49694419
     0.50508847      0.50007191
     0.50820615      0.50315862
      0.5112828      0.50620471
     0.51431884       0.5092106
     0.51731467      0.51217668
     0.52027069      0.51510334
      0.5231873      0.51799098
     0.52606488      0.52083999
     0.52890384      0.52365074
     0.53170454      0.52642363
     0.53446738      0.52915902
     0.53719272       0.5318573
     0.53988094      0.53451882
     0.54253241      0.53714396
      0.5451475      0.53973307
     0.54772656      0.54228651
     0.55026995      0.54480465
     0.55277804      0.54728782
     0.55525116      0.54973638
     0.55768967      0.55215067
     0.56009391      0.55453103
     0.56246422       0.5568778
     0.56480094      0.55919131
     0.56710441       0.5614719
     0.56937494      0.56371989
     0.57161288       0.5659356
     0.57381854      0.56811935
     0.57599225      0.57027147
     0.57813432      0.57239227
     0.58024507      0.57448206
     0.58232481      0.57654114
     0.58437385      0.57856982
     0.58639249      0.58056841
     0.58838103       0.5825372
     0.59033978       0.5844765
     0.59226902      0.58638658
     0.59416906      0.58826775
     0.59604019      0.59012029
     0.59788268      0.59194449
     0.59969683      0.59374062
     0.60148292      0.59550897
     0.60324122      0.59724981
     0.60497202      0.59896341
     0.60667558      0.60065005
     0.60835218         0.60231
     0.61000208      0.60394352
     0.61162556      0.60555087
     0.61322286      0.60713231
     0.61479426       0.6086881
     0.61634001       0.6102185
     0.61786037      0.61172375
     0.61935558      0.61320411
      0.6208259      0.61465983
     0.62227157      0.61609115
     0.62369285      0.61749831
     0.62508997      0.61888155
     0.62646317      0.62024111
     0.62781269      0.62157723
     0.62913877      0.62289013
     0.63044163      0.62418006
     0.63172152      0.62544723
     0.63297865      0.62669188
     0.63421326      0.62791423
     0.63542557      0.62911449
     0.63661579       0.6302929
     0.63778416      0.63144966
     0.63893088      0.63258499
     0.64005617      0.63369911
     0.64116025      0.63479222
     0.64224333      0.63586454
      0.6433056      0.63691627
     0.64434729      0.63794761
      0.6453686      0.63895877
     0.64636972      0.63994995
     0.64735087      0.64092135
     0.64831223      0.64187316
       0.649254      0.64280558
     0.65017638      0.64371881
     0.65107957      0.64461302
     0.65196375      0.64548842
     0.65282911      0.64634518
     0.65367584       0.6471835
     0.65450412      0.64800356
     0.65531414      0.64880553
     0.65610608       0.6495896
     0.65688011      0.65035595
     0.65763642      0.65110475
     0.65837519      0.65183618
     0.65909658      0.65255041
     0.65980077      0.65324761
     0.66048794      0.65392794
     0.66115824      0.65459159
     0.66181185      0.65523871
     0.66244893      0.65586946
     0.66306965      0.65648402
     0.66367417      0.65708253
     0.66426266      0.65766517
     0.66483526      0.65823209
     0.66539214      0.65878344
     0.66593346      0.65931938
     0.66645937      0.65984006
     0.66697002      0.66034564
     0.66746556      0.66083626
     0.66794615      0.66131208
     0.66841193      0.66177324
     0.66886305      0.66221988
     0.66929966      0.66265215
      0.6697219       0.6630702
     0.67012991      0.66347416
     0.67052384      0.66386417
     0.67090382      0.66424038
        0.67127      0.66460292
      0.6716225      0.66495192
     0.67196148      0.66528753
     0.67228705      0.66560987
     0.67259936      0.66591907
     0.67289853      0.66621528
      0.6731847       0.6664986
       0.673458      0.66676919
     0.67371855      0.66702715
     0.67396648      0.66727262
     0.67420192      0.66750572
     0.67442498      0.66772657
      0.6746358      0.66793529
      0.6748345      0.66813201
     0.67502119      0.66831685
     0.67519599      0.66848992
     0.67535903      0.66865134
     0.67551042      0.66880122
     0.67565027      0.66893969
     0.67577871      0.66906684
     0.67589583      0.66918281
     0.67600177      0.66928769
     0.67609662       0.6693816
      0.6761805      0.66946465
     0.67625351      0.66953694
     0.67631577      0.66959858
     0.67636739      0.66964968
     0.67640846      0.66969034
     0.67643909      0.66972067
     0.67645938      0.66974076
     0.67646945      0.66975073
     0.67646939      0.66975067
      0.6764593      0.66974067
     0.67643927      0.66972085
     0.67640942       0.6696913
     0.67636984       0.6696521
     0.67632062      0.66960337
     0.67626186       0.6695452
     0.67619365      0.66947767
     0.67611609      0.66940088
     0.67602928      0.66931493
     0.67593329       0.6692199
     0.67582824      0.66911588
     0.67571419      0.66900297
     0.67559125      0.66888125
     0.67545951      0.66875081
     0.67531904      0.66861174
     0.67516994      0.66846412
     0.67501229      0.66830804
     0.67484618      0.66814358
     0.67467169      0.66797083
     0.67448891      0.66778986
     0.67429791      0.66760076
     0.67409879      0.66740361
     0.67389161      0.66719849
     0.67367646      0.66698548
     0.67345343      0.66676466
     0.67322258       0.6665361
     0.67298399      0.66629989
     0.67273775      0.66605609
     0.67248392      0.66580479
     0.67222259      0.66554605
     0.67195383      0.66527996
     0.67167771      0.66500658
      0.6713943      0.66472599
     0.67110368      0.66443825
     0.67080593      0.66414345
      0.6705011      0.66384165
     0.67018927      0.66353292
     0.66987051      0.66321733
     0.66954489      0.66289494
     0.66921248      0.66256583
     0.66887334      0.66223007
     0.66852755      0.66188771
     0.66817516      0.66153882
     0.66781625      0.66118347
     0.66745087      0.66082172
      0.6670791      0.66045364
     0.66670099      0.66007929
     0.66631661      0.65969873
     0.66592603      0.65931202
     0.66552929      0.65891923
     0.66512647      0.65852041
     0.66471763      0.65811562
     0.66430282      0.65770493
      0.6638821      0.65728839
     0.66345553      0.65686607
     0.66302318      0.65643801
      0.6625851      0.65600427
     0.66214133      0.65556492
     0.66169196         0.65512
     0.66123701      0.65466958
     0.66077657      0.65421371
     0.66031067      0.65375243
     0.65983937      0.65328581
     0.65936272       0.6528139
     0.65888079      0.65233675
     0.65839361      0.65185442
     0.65790125      0.65136695
     0.65740375      0.65087439
     0.65690117       0.6503768
     0.65639356      0.64987423
     0.65588096      0.64936672
     0.65536343      0.64885433
     0.65484101       0.6483371
     0.65431375      0.64781508
     0.65378171      0.64728833
     0.65324493      0.64675687
     0.65270345      0.64622077
     0.65215733      0.64568007
      0.6516066      0.64513482
     0.65105132      0.64458505
     0.65049153      0.64403082
     0.64992728      0.64347217
      0.6493586      0.64290914
     0.64878555      0.64234178
     0.64820816      0.64177013
     0.64762649      0.64119423
     0.64704056      0.64061413
     0.64645043      0.64002986
     0.64585614      0.63944147
     0.64525773        0.638849
     0.64465523      0.63825249
      0.6440487      0.63765198
     0.64343816      0.63704751
     0.64282366      0.63643911
     0.64220525      0.63582684
     0.64158295      0.63521072
      0.6409568      0.63459079
     0.64032685       0.6339671
     0.63969314      0.63333968
     0.63905569      0.63270856
     0.63841455      0.63207379
     0.63776975       0.6314354
     0.63712133      0.63079342
     0.63646933      0.63014789
     0.63581378      0.62949885
     0.63515472      0.62884634
     0.63449218      0.62819038
      0.6338262      0.62753101
      0.6331568      0.62686826
     0.63248403      0.62620218
     0.63180792      0.62553278
      0.6311285      0.62486011
     0.63044581      0.62418419
     0.62975987      0.62350506
     0.62907072      0.62282276
     0.62837839      0.62213731
     0.62768291      0.62144874
     0.62698431      0.62075708
     0.62628264      0.62006237
      0.6255779      0.61936464
     0.62487015      0.61866391
     0.62415939      0.61796022
     0.62344568      0.61725359
     0.62272903      0.61654406
     0.62200947      0.61583164
     0.62128703      0.61511639
     0.62056175      0.61439831
     0.61983365      0.61367744
     0.61910276       0.6129538
      0.6183691      0.61222743
      0.6176327      0.61149835
      0.6168936      0.61076658
     0.61615181      0.61003216
     0.61540737      0.60929512
     0.61466029      0.60855546
     0.61391062      0.60781323
     0.61315836      0.60706845
     0.61240356      0.60632114
     0.61164623      0.60557133
     0.61088639      0.60481904
     0.61012408       0.6040643
     0.60935932      0.60330714
     0.60859213      0.60254757
     0.60782254      0.60178562
     0.60705056      0.60102131
     0.60627624      0.60025468
     0.60549958      0.59948573
     0.60472061      0.59871449
     0.60393935        0.597941
     0.60315583      0.59716526
     0.60237007       0.5963873
     0.60158209      0.59560715
     0.60079191      0.59482482
     0.59999956      0.59404034
     0.59920505      0.59325372
     0.59840842        0.592465
     0.59760967      0.59167418
     0.59680883       0.5908813
     0.59600592      0.59008637
     0.59520097      0.58928941
     0.59439399      0.58849044
       0.593585      0.58768949
     0.59277402      0.58688656
     0.59196107      0.58608169
     0.59114617      0.58527489
     0.59032935      0.58446617
     0.58951062      0.58365557
     0.58868999       0.5828431
     0.58786749      0.58202877
     0.58704314       0.5812126
     0.58621695      0.58039462
     0.58538895      0.57957484
     0.58455915      0.57875328
     0.58372756      0.57792996
     0.58289422      0.57710489
     0.58205912      0.57627809
      0.5812223      0.57544958
     0.58038377      0.57461937
     0.57954354      0.57378749
     0.57870164      0.57295395
     0.57785807      0.57211876
     0.57701286      0.57128195
     0.57616603      0.57044352
     0.57531758       0.5696035
     0.57446753       0.5687619
     0.57361591      0.56791873
     0.57276272      0.56707402
     0.57190798      0.56622777
     0.57105171         0.56538
     0.57019392      0.56453073
     0.56933463      0.56367998
     0.56847385      0.56282775
      0.5676116      0.56197406
     0.56674789      0.56111893
     0.56588273      0.56026236
     0.56501615      0.55940439
     0.56414815      0.55854501
     0.56327875      0.55768424
     0.56240796       0.5568221
      0.5615358       0.5559586
     0.56066228      0.55509376
     0.55978741      0.55422758
     0.55891121      0.55336008
     0.55803369      0.55249127
     0.55715486      0.55162117
     0.55627474      0.55074979
     0.55539333      0.54987714
     0.55451066      0.54900324
     0.55362674      0.54812809
     0.55274157      0.54725171
     0.55185517      0.54637412
     0.55096755      0.54549531
     0.55007872      0.54461532
      0.5491887      0.54373414
      0.5482975      0.54285179
     0.54740513      0.54196828
      0.5465116      0.54108362
     0.54561692      0.54019783
      0.5447211      0.53931091
     0.54382416      0.53842288
     0.54292611      0.53753374
     0.54202695      0.53664352
      0.5411267      0.53575221
     0.54022538      0.53485984
     0.53932298       0.5339664
     0.53841952      0.53307191
     0.53751501      0.53217639
     0.53660947      0.53127984
     0.53570289      0.53038227
      0.5347953      0.52948369
      0.5338867      0.52858412
      0.5329771      0.52768355
     0.53206652      0.52678201
     0.53115496       0.5258795
     0.53024242      0.52497603
     0.52932893      0.52407162
      0.5284145      0.52316626
     0.52749912      0.52225997
     0.52658281      0.52135276
     0.52566558      0.52044464
     0.52474743      0.51953562
     0.52382839       0.5186257
     0.52290845       0.5177149
     0.52198762      0.51680322
     0.52106592      0.51589068
     0.52014336      0.51497727
     0.51921993      0.51406301
     0.51829565      0.51314792
     0.51737053      0.51223199
     0.51644458      0.51131523
      0.5155178      0.51039766
      0.5145902      0.50947927
      0.5136618      0.50856009
     0.51273259      0.50764011
      0.5118026      0.50671935
     0.51087181      0.50579781
     0.50994025       0.5048755
     0.50900792      0.50395243
     0.50807483      0.50302861
     0.50714098      0.50210404
     0.50620639      0.50117873
     0.50527106      0.50025269
     0.50433499      0.49932592
      0.5033982      0.49839843
      0.5024607      0.49747024
     0.50152248      0.49654134
     0.50058356      0.49561174
     0.49964394      0.49468146
     0.49870364      0.49375049
     0.49776265      0.49281885
     0.49682098      0.49188653
     0.49587865      0.49095356
     0.49493565      0.49001993
       0.493992      0.48908565
      0.4930477      0.48815073
     0.49210275      0.48721517
     0.49115717      0.48627898
     0.49021096      0.48534216
     0.48926412      0.48440473
     0.48831667      0.48346669
     0.48736861      0.48252804
     0.48641994      0.48158879
     0.48547067      0.48064895
     0.48452081      0.47970852
     0.48357035      0.47876751
     0.48261932      0.47782593
     0.48166771      0.47688377
     0.48071554      0.47594105
     0.47976279      0.47499777
     0.47880949      0.47405393
     0.47785563      0.47310955
     0.47690123      0.47216463
     0.47594629      0.47121917
      0.4749908      0.47027317
     0.47403479      0.46932665
     0.47307825      0.46837961
     0.47212118      0.46743206
     0.47116361      0.46648399
     0.47020552      0.46553542
     0.46924692      0.46458634
     0.46828782      0.46363677
     0.46732823      0.46268671
     0.46636815      0.46173616
     0.46540758      0.46078513
     0.46444653      0.45983363
     0.46348501      0.45888165
     0.46252301      0.45792921
     0.46156054       0.4569763
     0.46059761      0.45602294
     0.45963423      0.45506912
     0.45867039      0.45411486
      0.4577061      0.45316015
     0.45674137        0.452205
      0.4557762      0.45124941
      0.4548106       0.4502934
     0.45384456      0.44933695
     0.45287809      0.44838009
     0.45191121      0.44742281
      0.4509439      0.44646511
     0.44997618        0.445507
     0.44900805      0.44454849
     0.44803952      0.44358957
     0.44707058      0.44263025
     0.44610124      0.44167055
     0.44513151      0.44071045
     0.44416139      0.43974996
     0.44319089       0.4387891
        0.44222      0.43782785
     0.44124873      0.43686623
     0.44027709      0.43590424
     0.43930508      0.43494188
      0.4383327      0.43397916
     0.43735995      0.43301607
     0.43638685      0.43205263
     0.43541339      0.43108884
     0.43443957       0.4301247
     0.43346541      0.42916021
      0.4324909      0.42819538
     0.43151605      0.42723021
     0.43054085       0.4262647
     0.42956533      0.42529887
     0.42858947       0.4243327
     0.42761328       0.4233662
     0.42663676      0.42239939
     0.42565992      0.42143225
     0.42468277       0.4204648
     0.42370529      0.41949704
     0.42272751      0.41852896
     0.42174941      0.41756058
     0.42077101      0.41659189
      0.4197923      0.41562291
     0.41881329      0.41465362
     0.41783399      0.41368404
     0.41685438      0.41271417
     0.41587449      0.41174401
     0.41489431      0.41077356
     0.41391384      0.40980283
     0.41293309      0.40883182
     0.41195206      0.40786053
     0.41097075      0.40688897
     0.40998916      0.40591713
      0.4090073      0.40494503
     0.40802518      0.40397265
     0.40704278      0.40300002
     0.40606012      0.40202712
      0.4050772      0.40105396
     0.40409402      0.40008055
     0.40311059      0.39910688
      0.4021269      0.39813296
     0.40114296      0.39715879
     0.40015877      0.39618438
     0.39917433      0.39520972
     0.39818965      0.39423482
     0.39720473      0.39325968
     0.39621957       0.3922843
     0.39523418      0.39130869
     0.39424854      0.39033285
     0.39326268      0.38935678
     0.39227659      0.38838048
     0.39129027      0.38740395
     0.39030372      0.38642721
     0.38931695      0.38545024
     0.38832996      0.38447305
     0.38734275      0.38349565
     0.38635533      0.38251803
     0.38536769       0.3815402
     0.38437984      0.38056216
     0.38339178      0.37958391
     0.38240351      0.37860546
     0.38141503       0.3776268
     0.38042636      0.37664794
     0.37943747      0.37566889
     0.37844839      0.37468963
     0.37745912      0.37371018
     0.37646964      0.37273053
     0.37547998      0.37175069
     0.37449012      0.37077066
     0.37350007      0.36979045
     0.37250983      0.36881005
      0.3715194      0.36782946
      0.3705288      0.36684869
     0.36953801      0.36586774
     0.36854703      0.36488661
     0.36755588       0.3639053
     0.36656456      0.36292382
     0.36557305      0.36194216
     0.36458137      0.36096034
     0.36358953      0.35997834
     0.36259751      0.35899617
     0.36160532      0.35801384
     0.36061296      0.35703134
     0.35962044      0.35604868
     0.35862776      0.35506585
     0.35763491      0.35408287
     0.35664191      0.35309973
     0.35564874      0.35211643
     0.35465542      0.35113297
     0.35366195      0.35014936
     0.35266831       0.3491656
     0.35167453      0.34818168
     0.35068059      0.34719762
     0.34968651      0.34621341
     0.34869228      0.34522905
      0.3476979      0.34424455
     0.34670337       0.3432599
     0.34570871      0.34227511
      0.3447139      0.34129018
     0.34371895      0.34030511
     0.34272386      0.33931991
     0.34172863      0.33833456
     0.34073326      0.33734908
     0.33973776      0.33636347
     0.33874213      0.33537773
     0.33774636      0.33439185
     0.33675046      0.33340584
     0.33575443      0.33241971
     0.33475828      0.33143344
     0.33376199      0.33044705
     0.33276558      0.32946054
     0.33176905       0.3284739
     0.33077239      0.32748714
     0.32977561      0.32650026
      0.3287787      0.32551326
     0.32778168      0.32452614
     0.32678454       0.3235389
     0.32578728      0.32255155
      0.3247899      0.32156408
     0.32379241      0.32057649
     0.32279481      0.31958879
     0.32179709      0.31860099
     0.32079926      0.31761307
     0.31980132      0.31662504
     0.31880327       0.3156369
     0.31780511      0.31464865
     0.31680684       0.3136603
     0.31580847      0.31267184
     0.31480999      0.31168328
      0.3138114      0.31069462
     0.31281272      0.30970585
     0.31181393      0.30871698
     0.31081504      0.30772801
     0.30981605      0.30673894
     0.30881696      0.30574978
     0.30781777      0.30476051
     0.30681849      0.30377115
     0.30581911       0.3027817
     0.30481963      0.30179215
     0.30382006       0.3008025
     0.30282039      0.29981277
     0.30182064      0.29882294
     0.30082079      0.29783302
     0.29982085      0.29684301
     0.29882082      0.29585292
      0.2978207      0.29486273
     0.29682049      0.29387246
      0.2958202       0.2928821
     0.29481982      0.29189166
     0.29381935      0.29090113
      0.2928188      0.28991051
     0.29181817      0.28891982
     0.29081745      0.28792904
     0.28981665      0.28693818
     0.28881577      0.28594724
     0.28781481      0.28495622
     0.28681377      0.28396513
     0.28581265      0.28297395
     0.28481146       0.2819827
     0.28381018      0.28099137
     0.28280883      0.27999996
      0.2818074      0.27900848
      0.2808059      0.27801692
     0.27980432       0.2770253
     0.27880267      0.27603359
     0.27780095      0.27504182
     0.27679916      0.27404998
     0.27579729      0.27305806
     0.27479535      0.27206607
     0.27379335      0.27107402
     0.27279127       0.2700819
     0.27178913       0.2690897
     0.27078691      0.26809745
     0.26978463      0.26710512
     0.26878229      0.26611273
     0.26777987      0.26512027
      0.2667774      0.26412775
     0.26577485      0.26313517
     0.26477225      0.26214252
     0.26376958      0.26114981
     0.26276685      0.26015703
     0.26176405       0.2591642
      0.2607612       0.2581713
     0.25975828      0.25717835
      0.2587553      0.25618533
     0.25775227      0.25519226
     0.25674917      0.25419913
     0.25574602      0.25320594
      0.2547428      0.25221269
     0.25373954      0.25121938
     0.25273621      0.25022602
     0.25173283      0.24923261
     0.25072939      0.24823913
      0.2497259      0.24724561
     0.24872235      0.24625203
     0.24771875       0.2452584
     0.24671509      0.24426471
     0.24571139      0.24327097
     0.24470763      0.24227718
     0.24370381      0.24128334
     0.24269995      0.24028944
     0.24169604       0.2392955
     0.24069207      0.23830151
     0.23968806      0.23730747
     0.23868399      0.23631338
     0.23767988      0.23531924
     0.23667572      0.23432505
     0.23567151      0.23333081
     0.23466726      0.23233653
     0.23366295       0.2313422
      0.2326586      0.23034783
     0.23165421      0.22935341
     0.23064977      0.22835895
     0.22964528      0.22736444
     0.22864075      0.22636988
     0.22763618      0.22537529
     0.22663156      0.22438064
      0.2256269      0.22338596
     0.22462219      0.22239123
     0.22361744      0.22139647
     0.22261266      0.22040166
     0.22160782      0.21940681
     0.22060295      0.21841191
     0.21959804      0.21741698
     0.21859309      0.21642201
     0.21758809        0.215427
     0.21658306      0.21443195
     0.21557799      0.21343686
     0.21457288      0.21244173
     0.21356773      0.21144656
     0.21256254      0.21045136
     0.21155731      0.20945612
     0.21055205      0.20846084
     0.20954675      0.20746553
     0.20854142      0.20647018
     0.20753605      0.20547479
     0.20653064      0.20447937
     0.20552519      0.20348391
     0.20451972      0.20248842
      0.2035142      0.20149289
     0.20250865      0.20049733
     0.20150307      0.19950174
     0.20049746      0.19850611
     0.19949181      0.19751045
     0.19848613      0.19651475
     0.19748041      0.19551903
     0.19647466      0.19452327
     0.19546888      0.19352748
     0.19446307      0.19253166
     0.19345723      0.19153581
     0.19245136      0.19053992
     0.19144545      0.18954401
     0.19043952      0.18854806
     0.18943355      0.18755209
     0.18842756      0.18655609
     0.18742153      0.18556005
     0.18641548      0.18456399
     0.18540939       0.1835679
     0.18440328      0.18257178
     0.18339714      0.18157563
     0.18239097      0.18057946
     0.18138478      0.17958326
     0.18037855      0.17858703
      0.1793723      0.17759077
     0.17836602      0.17659448
     0.17735972      0.17559817
     0.17635338      0.17460184
     0.17534703      0.17360547
     0.17434064      0.17260908
     0.17333423      0.17161267
      0.1723278      0.17061623
     0.17132133      0.16961976
     0.17031485      0.16862327
     0.16930834      0.16762676
      0.1683018      0.16663022
     0.16729524      0.16563366
     0.16628866      0.16463707
     0.16528205      0.16364046
     0.16427542      0.16264383
     0.16326877      0.16164718
     0.16226209       0.1606505
     0.16125539      0.15965379
     0.16024867      0.15865707
     0.15924192      0.15766032
     0.15823515      0.15666356
     0.15722837      0.15566677
     0.15622155      0.15466996
     0.15521472      0.15367312
     0.15420787      0.15267627
     0.15320099      0.15167939
      0.1521941       0.1506825
     0.15118718      0.14968558
     0.15018024      0.14868865
     0.14917329      0.14769169
     0.14816631      0.14669471
     0.14715931      0.14569772
     0.14615229       0.1447007
     0.14514526      0.14370367
      0.1441382      0.14270662
     0.14313113      0.14170954
     0.14212403      0.14071245
     0.14111692      0.13971534
     0.14010979      0.13871821
     0.13910264      0.13772107
     0.13809547       0.1367239
     0.13708829      0.13572672
     0.13608108      0.13472952
     0.13507386       0.1337323
     0.13406662      0.13273507
     0.13305937      0.13173782
      0.1320521      0.13074055
     0.13104481      0.12974326
      0.1300375      0.12874596
     0.12903018      0.12774864
     0.12802284      0.12675131
     0.12701548      0.12575396
     0.12600811      0.12475659
     0.12500072      0.12375921
     0.12399332      0.12276181
      0.1229859       0.1217644
     0.12197846      0.12076697
     0.12097101      0.11976952
     0.11996355      0.11877207
     0.11895607      0.11777459
     0.11794857       0.1167771
     0.11694106       0.1157796
     0.11593354      0.11478208
       0.114926      0.11378455
     0.11391845        0.112787
     0.11291088      0.11178944
      0.1119033      0.11079187
      0.1108957      0.10979428
     0.10988809      0.10879668
     0.10888047      0.10779907
     0.10787283      0.10680144
     0.10686519       0.1058038
     0.10585752      0.10480614
     0.10484985      0.10380847
     0.10384216      0.10281079
     0.10283446       0.1018131
     0.10182674       0.1008154
     0.10081902     0.099817678
    0.099811277     0.098819948
    0.098803526     0.097822205
    0.097795763     0.096824451
    0.096787987     0.095826685
    0.095780199     0.094828906
      0.0947724     0.093831117
    0.093764589     0.092833315
    0.092756766     0.091835502
    0.091748932     0.090837678
    0.090741087     0.089839842
     0.08973323     0.088841996
    0.088725362     0.087844138
    0.087717483      0.08684627
    0.086709593      0.08584839
    0.085701693       0.0848505
    0.084693782     0.083852599
     0.08368586     0.082854688
    0.082677927     0.081856767
    0.081669984     0.080858835
    0.080662031     0.079860893
    0.079654068     0.078862941
    0.078646095     0.077864979
    0.077638112     0.076867007
    0.076630119     0.075869025
    0.075622116     0.074871034
    0.074614103     0.073873033
    0.073606081     0.072875022
    0.072598049     0.071877002
    0.071590008     0.070878973
    0.070581958     0.069880935
    0.069573898     0.068882887
    0.068565829     0.067884831
    0.067557752     0.066886765
    0.066549665     0.065888691
    0.065541569     0.064890608
    0.064533465     0.063892516
    0.063525352     0.062894416
    0.062517231     0.061896307
    0.061509101      0.06089819
    0.060500962     0.059900064
    0.059492815      0.05890193
     0.05848466     0.057903788
    0.057476497     0.056905638
    0.056468326      0.05590748
    0.055460147     0.054909314
    0.054451959      0.05391114
    0.053443764     0.052912959
    0.052435561     0.051914769
    0.051427351     0.050916572
    0.050419133     0.049918368
    0.049410907     0.048920156
    0.048402674     0.047921936
    0.047394433      0.04692371
    0.046386185     0.045925476
     0.04537793     0.044927235
    0.044369668     0.043928986
    0.043361398     0.042930731
    0.042353122     0.041932469
    0.041344839       0.0409342
    0.040336548     0.039935924
    0.039328251     0.038937641
    0.038319947     0.037939352
    0.037311637     0.036941056
     0.03630332     0.035942753
    0.035294996     0.034944444
    0.034286666     0.033946129
    0.033278329     0.032947807
    0.032269986     0.031949479
    0.031261637     0.030951145
    0.030253281     0.029952804
    0.029244919     0.028954457
    0.028236551     0.027956105
    0.027228177     0.026957746
    0.026219798     0.025959381
    0.025211412     0.024961011
     0.02420302     0.023962635
    0.023194622     0.022964253
    0.022186219     0.021965865
     0.02117781     0.020967471
    0.020169396     0.019969072
    0.019160975     0.018970668
     0.01815255     0.017972258
    0.017144118     0.016973842
    0.016135682     0.015975421
     0.01512724     0.014976995
    0.014118792     0.013978564
     0.01311034     0.012980127
    0.012101882     0.011981686
    0.011093419     0.010983239
    0.010084951    0.0099847867
   0.0090764777    0.0089863298
   0.0080679996    0.0079878679
   0.0070595165     0.006989401
   0.0060510284    0.0059909294
   0.0050425356    0.0049924529
   0.0040340379    0.0039939717
   0.0030255354    0.0029954857
   0.0020170283    0.0019969951
   0.0010085165   0.00099849983
              0    5.888573e-18
Max relative error and log10(h):
     -1.9986265      -3.0004341
Time taken by the algorithm [ms]:
0.065
